#Depth(nm)	StoppingProbability(1/nm)
 0.500000000	 0.000106758
 1.500000000	 0.000213516
 2.500000000	 0.000320273
 3.500000000	 0.000533789
 4.500000000	 0.000854062
 5.500000000	 0.000640547
 6.500000000	 0.000533789
 7.500000000	 0.000320273
 8.500000000	 0.000640547
 9.500000000	 0.000854062
 10.500000000	 0.000213516
 11.500000000	 0.000854062
 12.500000000	 0.000533789
 13.500000000	 0.000854062
 14.500000000	 0.000960820
 15.500000000	 0.000747304
 16.500000000	 0.000854062
 17.500000000	 0.001174335
 18.500000000	 0.000320273
 19.500000000	 0.001174335
 20.500000000	 0.001387851
 21.500000000	 0.001174335
 22.500000000	 0.001281093
 23.500000000	 0.000320273
 24.500000000	 0.000854062
 25.500000000	 0.000640547
 26.500000000	 0.001174335
 27.500000000	 0.001921640
 28.500000000	 0.000960820
 29.500000000	 0.001281093
 30.500000000	 0.001067578
 31.500000000	 0.001494609
 32.500000000	 0.001067578
 33.500000000	 0.001601366
 34.500000000	 0.000533789
 35.500000000	 0.001387851
 36.500000000	 0.000640547
 37.500000000	 0.000960820
 38.500000000	 0.001387851
 39.500000000	 0.001601366
 40.500000000	 0.001494609
 41.500000000	 0.001921640
 42.500000000	 0.001494609
 43.500000000	 0.001601366
 44.500000000	 0.001494609
 45.500000000	 0.001067578
 46.500000000	 0.001387851
 47.500000000	 0.001921640
 48.500000000	 0.002028398
 49.500000000	 0.002028398
 50.500000000	 0.000960820
 51.500000000	 0.001814882
 52.500000000	 0.002775702
 53.500000000	 0.002028398
 54.500000000	 0.002562186
 55.500000000	 0.002241913
 56.500000000	 0.002135155
 57.500000000	 0.002668944
 58.500000000	 0.003309491
 59.500000000	 0.002775702
 60.500000000	 0.002455429
 61.500000000	 0.002775702
 62.500000000	 0.002562186
 63.500000000	 0.002775702
 64.500000000	 0.002135155
 65.500000000	 0.002348671
 66.500000000	 0.002775702
 67.500000000	 0.003843280
 68.500000000	 0.002562186
 69.500000000	 0.002135155
 70.500000000	 0.001708124
 71.500000000	 0.003095975
 72.500000000	 0.002989217
 73.500000000	 0.003523006
 74.500000000	 0.004910857
 75.500000000	 0.004804099
 76.500000000	 0.002455429
 77.500000000	 0.002028398
 78.500000000	 0.004377068
 79.500000000	 0.002562186
 80.500000000	 0.002562186
 81.500000000	 0.004377068
 82.500000000	 0.002882460
 83.500000000	 0.004163553
 84.500000000	 0.003309491
 85.500000000	 0.003736522
 86.500000000	 0.002989217
 87.500000000	 0.004377068
 88.500000000	 0.004590584
 89.500000000	 0.004697342
 90.500000000	 0.004483826
 91.500000000	 0.004483826
 92.500000000	 0.004163553
 93.500000000	 0.004163553
 94.500000000	 0.004163553
 95.500000000	 0.003950037
 96.500000000	 0.004590584
 97.500000000	 0.005444646
 98.500000000	 0.004270311
 99.500000000	 0.005551404
 100.500000000	 0.004590584
 101.500000000	 0.004697342
 102.500000000	 0.004910857
 103.500000000	 0.006512224
 104.500000000	 0.005764919
 105.500000000	 0.004804099
 106.500000000	 0.004377068
 107.500000000	 0.006725739
 108.500000000	 0.005444646
 109.500000000	 0.006191950
 110.500000000	 0.005124373
 111.500000000	 0.008006832
 112.500000000	 0.005978435
 113.500000000	 0.005231131
 114.500000000	 0.006191950
 115.500000000	 0.006512224
 116.500000000	 0.005764919
 117.500000000	 0.007366286
 118.500000000	 0.007793317
 119.500000000	 0.006298708
 120.500000000	 0.008220348
 121.500000000	 0.006405466
 122.500000000	 0.005978435
 123.500000000	 0.006832497
 124.500000000	 0.007366286
 125.500000000	 0.008006832
 126.500000000	 0.007686559
 127.500000000	 0.007473044
 128.500000000	 0.007686559
 129.500000000	 0.007259528
 130.500000000	 0.006832497
 131.500000000	 0.006405466
 132.500000000	 0.006939255
 133.500000000	 0.008006832
 134.500000000	 0.008113590
 135.500000000	 0.006939255
 136.500000000	 0.007366286
 137.500000000	 0.006405466
 138.500000000	 0.007793317
 139.500000000	 0.007686559
 140.500000000	 0.008113590
 141.500000000	 0.007152770
 142.500000000	 0.007046013
 143.500000000	 0.007793317
 144.500000000	 0.007579801
 145.500000000	 0.008006832
 146.500000000	 0.007793317
 147.500000000	 0.007793317
 148.500000000	 0.006512224
 149.500000000	 0.008540621
 150.500000000	 0.007366286
 151.500000000	 0.007473044
 152.500000000	 0.007579801
 153.500000000	 0.008647379
 154.500000000	 0.008540621
 155.500000000	 0.006298708
 156.500000000	 0.007046013
 157.500000000	 0.009074410
 158.500000000	 0.007473044
 159.500000000	 0.007686559
 160.500000000	 0.007366286
 161.500000000	 0.008113590
 162.500000000	 0.008540621
 163.500000000	 0.009074410
 164.500000000	 0.006085193
 165.500000000	 0.009074410
 166.500000000	 0.007579801
 167.500000000	 0.008327106
 168.500000000	 0.008113590
 169.500000000	 0.008860895
 170.500000000	 0.008860895
 171.500000000	 0.008006832
 172.500000000	 0.007686559
 173.500000000	 0.008220348
 174.500000000	 0.006939255
 175.500000000	 0.007900075
 176.500000000	 0.007366286
 177.500000000	 0.007152770
 178.500000000	 0.008006832
 179.500000000	 0.005231131
 180.500000000	 0.009394683
 181.500000000	 0.007259528
 182.500000000	 0.006832497
 183.500000000	 0.008540621
 184.500000000	 0.006939255
 185.500000000	 0.007046013
 186.500000000	 0.005871677
 187.500000000	 0.007366286
 188.500000000	 0.005978435
 189.500000000	 0.006405466
 190.500000000	 0.006512224
 191.500000000	 0.006832497
 192.500000000	 0.005978435
 193.500000000	 0.004270311
 194.500000000	 0.005764919
 195.500000000	 0.005978435
 196.500000000	 0.007259528
 197.500000000	 0.005551404
 198.500000000	 0.004804099
 199.500000000	 0.004377068
 200.500000000	 0.004270311
 201.500000000	 0.005337888
 202.500000000	 0.004697342
 203.500000000	 0.005551404
 204.500000000	 0.004910857
 205.500000000	 0.003950037
 206.500000000	 0.005017615
 207.500000000	 0.004483826
 208.500000000	 0.003736522
 209.500000000	 0.004270311
 210.500000000	 0.004163553
 211.500000000	 0.002562186
 212.500000000	 0.002668944
 213.500000000	 0.002882460
 214.500000000	 0.003416249
 215.500000000	 0.003736522
 216.500000000	 0.003309491
 217.500000000	 0.002348671
 218.500000000	 0.003736522
 219.500000000	 0.003095975
 220.500000000	 0.002989217
 221.500000000	 0.002455429
 222.500000000	 0.002989217
 223.500000000	 0.002882460
 224.500000000	 0.001387851
 225.500000000	 0.001814882
 226.500000000	 0.002882460
 227.500000000	 0.001708124
 228.500000000	 0.001814882
 229.500000000	 0.001921640
 230.500000000	 0.001281093
 231.500000000	 0.002135155
 232.500000000	 0.001601366
 233.500000000	 0.001067578
 234.500000000	 0.000747304
 235.500000000	 0.001387851
 236.500000000	 0.000747304
 237.500000000	 0.000854062
 238.500000000	 0.001067578
 239.500000000	 0.001281093
 240.500000000	 0.001708124
 241.500000000	 0.000640547
 242.500000000	 0.000640547
 243.500000000	 0.000747304
 244.500000000	 0.000213516
 245.500000000	 0.000747304
 246.500000000	 0.000960820
 247.500000000	 0.000533789
 248.500000000	 0.000533789
 249.500000000	 0.000640547
 250.500000000	 0.000320273
 251.500000000	 0.000533789
 252.500000000	 0.000747304
 253.500000000	 0.000427031
 254.500000000	 0.000213516
 255.500000000	 0.000533789
 256.500000000	 0.000320273
 257.500000000	 0.000000000
 258.500000000	 0.000213516
 259.500000000	 0.000320273
 260.500000000	 0.000106758
 261.500000000	 0.000106758
 262.500000000	 0.000213516
 263.500000000	 0.000427031
 264.500000000	 0.000427031
 265.500000000	 0.000106758
 266.500000000	 0.000213516
 267.500000000	 0.000106758
 268.500000000	 0.000320273
 269.500000000	 0.000320273
 270.500000000	 0.000000000
 271.500000000	 0.000000000
 272.500000000	 0.000106758
 273.500000000	 0.000000000
 274.500000000	 0.000000000
 275.500000000	 0.000000000
 276.500000000	 0.000000000
 277.500000000	 0.000000000
 278.500000000	 0.000000000
 279.500000000	 0.000320273
 280.500000000	 0.000106758
 281.500000000	 0.000000000
 282.500000000	 0.000000000
 283.500000000	 0.000000000
 284.500000000	 0.000106758
 285.500000000	 0.000000000
 286.500000000	 0.000000000
 287.500000000	 0.000000000
 288.500000000	 0.000000000
 289.500000000	 0.000000000
 290.500000000	 0.000000000
 291.500000000	 0.000000000
 292.500000000	 0.000000000
 293.500000000	 0.000000000
 294.500000000	 0.000000000
 295.500000000	 0.000213516
