#Depth(nm)	StoppingProbability(1/nm)
 0.500000000	 0.000106758
 1.500000000	 0.000106758
 2.500000000	 0.000320273
 3.500000000	 0.000320273
 4.500000000	 0.000427031
 5.500000000	 0.000533789
 6.500000000	 0.000106758
 7.500000000	 0.000854062
 8.500000000	 0.000747304
 9.500000000	 0.000640547
 10.500000000	 0.000213516
 11.500000000	 0.000427031
 12.500000000	 0.000640547
 13.500000000	 0.000747304
 14.500000000	 0.000747304
 15.500000000	 0.000640547
 16.500000000	 0.000427031
 17.500000000	 0.001174335
 18.500000000	 0.000533789
 19.500000000	 0.000533789
 20.500000000	 0.000960820
 21.500000000	 0.000747304
 22.500000000	 0.000960820
 23.500000000	 0.000106758
 24.500000000	 0.000213516
 25.500000000	 0.000854062
 26.500000000	 0.000533789
 27.500000000	 0.000854062
 28.500000000	 0.000960820
 29.500000000	 0.000640547
 30.500000000	 0.001387851
 31.500000000	 0.001174335
 32.500000000	 0.000854062
 33.500000000	 0.000747304
 34.500000000	 0.000854062
 35.500000000	 0.000747304
 36.500000000	 0.000960820
 37.500000000	 0.000640547
 38.500000000	 0.001494609
 39.500000000	 0.001494609
 40.500000000	 0.000854062
 41.500000000	 0.001494609
 42.500000000	 0.001387851
 43.500000000	 0.000960820
 44.500000000	 0.001494609
 45.500000000	 0.001494609
 46.500000000	 0.001387851
 47.500000000	 0.001174335
 48.500000000	 0.001281093
 49.500000000	 0.000747304
 50.500000000	 0.001814882
 51.500000000	 0.000960820
 52.500000000	 0.001174335
 53.500000000	 0.001387851
 54.500000000	 0.002455429
 55.500000000	 0.001387851
 56.500000000	 0.001174335
 57.500000000	 0.001921640
 58.500000000	 0.000960820
 59.500000000	 0.001601366
 60.500000000	 0.000854062
 61.500000000	 0.002028398
 62.500000000	 0.001601366
 63.500000000	 0.001708124
 64.500000000	 0.001708124
 65.500000000	 0.001281093
 66.500000000	 0.002028398
 67.500000000	 0.001174335
 68.500000000	 0.002241913
 69.500000000	 0.002135155
 70.500000000	 0.002241913
 71.500000000	 0.002668944
 72.500000000	 0.002989217
 73.500000000	 0.002135155
 74.500000000	 0.002455429
 75.500000000	 0.002028398
 76.500000000	 0.002989217
 77.500000000	 0.002028398
 78.500000000	 0.001708124
 79.500000000	 0.002135155
 80.500000000	 0.002455429
 81.500000000	 0.002562186
 82.500000000	 0.002455429
 83.500000000	 0.002989217
 84.500000000	 0.002668944
 85.500000000	 0.003523006
 86.500000000	 0.002348671
 87.500000000	 0.002455429
 88.500000000	 0.002882460
 89.500000000	 0.002348671
 90.500000000	 0.002562186
 91.500000000	 0.003629764
 92.500000000	 0.003309491
 93.500000000	 0.004056795
 94.500000000	 0.001814882
 95.500000000	 0.003416249
 96.500000000	 0.002882460
 97.500000000	 0.002348671
 98.500000000	 0.002989217
 99.500000000	 0.004056795
 100.500000000	 0.003095975
 101.500000000	 0.003309491
 102.500000000	 0.003523006
 103.500000000	 0.003309491
 104.500000000	 0.003843280
 105.500000000	 0.003629764
 106.500000000	 0.004163553
 107.500000000	 0.005124373
 108.500000000	 0.004697342
 109.500000000	 0.003629764
 110.500000000	 0.003950037
 111.500000000	 0.004270311
 112.500000000	 0.003843280
 113.500000000	 0.004590584
 114.500000000	 0.004483826
 115.500000000	 0.004483826
 116.500000000	 0.004377068
 117.500000000	 0.004270311
 118.500000000	 0.005444646
 119.500000000	 0.003950037
 120.500000000	 0.004697342
 121.500000000	 0.004910857
 122.500000000	 0.003523006
 123.500000000	 0.004483826
 124.500000000	 0.004056795
 125.500000000	 0.005978435
 126.500000000	 0.005764919
 127.500000000	 0.005444646
 128.500000000	 0.004910857
 129.500000000	 0.004804099
 130.500000000	 0.005017615
 131.500000000	 0.005658162
 132.500000000	 0.006191950
 133.500000000	 0.004590584
 134.500000000	 0.004804099
 135.500000000	 0.005764919
 136.500000000	 0.004056795
 137.500000000	 0.006939255
 138.500000000	 0.005017615
 139.500000000	 0.006298708
 140.500000000	 0.007259528
 141.500000000	 0.004804099
 142.500000000	 0.006085193
 143.500000000	 0.005337888
 144.500000000	 0.005978435
 145.500000000	 0.006618982
 146.500000000	 0.006832497
 147.500000000	 0.006725739
 148.500000000	 0.004377068
 149.500000000	 0.007366286
 150.500000000	 0.007579801
 151.500000000	 0.006298708
 152.500000000	 0.005764919
 153.500000000	 0.007579801
 154.500000000	 0.007900075
 155.500000000	 0.006512224
 156.500000000	 0.007473044
 157.500000000	 0.006832497
 158.500000000	 0.006298708
 159.500000000	 0.006085193
 160.500000000	 0.006298708
 161.500000000	 0.006191950
 162.500000000	 0.006939255
 163.500000000	 0.006405466
 164.500000000	 0.006191950
 165.500000000	 0.007793317
 166.500000000	 0.008647379
 167.500000000	 0.006405466
 168.500000000	 0.005871677
 169.500000000	 0.009501441
 170.500000000	 0.007686559
 171.500000000	 0.008113590
 172.500000000	 0.007686559
 173.500000000	 0.006512224
 174.500000000	 0.006832497
 175.500000000	 0.008327106
 176.500000000	 0.006725739
 177.500000000	 0.008860895
 178.500000000	 0.009501441
 179.500000000	 0.008327106
 180.500000000	 0.007579801
 181.500000000	 0.006618982
 182.500000000	 0.006725739
 183.500000000	 0.008647379
 184.500000000	 0.005871677
 185.500000000	 0.008220348
 186.500000000	 0.007793317
 187.500000000	 0.005978435
 188.500000000	 0.006512224
 189.500000000	 0.007793317
 190.500000000	 0.006512224
 191.500000000	 0.006618982
 192.500000000	 0.007793317
 193.500000000	 0.006512224
 194.500000000	 0.007046013
 195.500000000	 0.008006832
 196.500000000	 0.007579801
 197.500000000	 0.007686559
 198.500000000	 0.006405466
 199.500000000	 0.006191950
 200.500000000	 0.007686559
 201.500000000	 0.006085193
 202.500000000	 0.006939255
 203.500000000	 0.008327106
 204.500000000	 0.006512224
 205.500000000	 0.006939255
 206.500000000	 0.006939255
 207.500000000	 0.006832497
 208.500000000	 0.005337888
 209.500000000	 0.005658162
 210.500000000	 0.005871677
 211.500000000	 0.006085193
 212.500000000	 0.006298708
 213.500000000	 0.006832497
 214.500000000	 0.004697342
 215.500000000	 0.006618982
 216.500000000	 0.005231131
 217.500000000	 0.004910857
 218.500000000	 0.006085193
 219.500000000	 0.005444646
 220.500000000	 0.005658162
 221.500000000	 0.005337888
 222.500000000	 0.004910857
 223.500000000	 0.004163553
 224.500000000	 0.005231131
 225.500000000	 0.005764919
 226.500000000	 0.004697342
 227.500000000	 0.004377068
 228.500000000	 0.003629764
 229.500000000	 0.006298708
 230.500000000	 0.005444646
 231.500000000	 0.004270311
 232.500000000	 0.004270311
 233.500000000	 0.003523006
 234.500000000	 0.003843280
 235.500000000	 0.002348671
 236.500000000	 0.002348671
 237.500000000	 0.004590584
 238.500000000	 0.003095975
 239.500000000	 0.003843280
 240.500000000	 0.004056795
 241.500000000	 0.003202733
 242.500000000	 0.002882460
 243.500000000	 0.004056795
 244.500000000	 0.002989217
 245.500000000	 0.003736522
 246.500000000	 0.002135155
 247.500000000	 0.002668944
 248.500000000	 0.002882460
 249.500000000	 0.002348671
 250.500000000	 0.002348671
 251.500000000	 0.002989217
 252.500000000	 0.002135155
 253.500000000	 0.001708124
 254.500000000	 0.001494609
 255.500000000	 0.002562186
 256.500000000	 0.001814882
 257.500000000	 0.001921640
 258.500000000	 0.001067578
 259.500000000	 0.001067578
 260.500000000	 0.001174335
 261.500000000	 0.001601366
 262.500000000	 0.002135155
 263.500000000	 0.001708124
 264.500000000	 0.001921640
 265.500000000	 0.001281093
 266.500000000	 0.001494609
 267.500000000	 0.000427031
 268.500000000	 0.001601366
 269.500000000	 0.001174335
 270.500000000	 0.000854062
 271.500000000	 0.000533789
 272.500000000	 0.000960820
 273.500000000	 0.000854062
 274.500000000	 0.000960820
 275.500000000	 0.000640547
 276.500000000	 0.000533789
 277.500000000	 0.000427031
 278.500000000	 0.000640547
 279.500000000	 0.000533789
 280.500000000	 0.000427031
 281.500000000	 0.000640547
 282.500000000	 0.000747304
 283.500000000	 0.000533789
 284.500000000	 0.000106758
 285.500000000	 0.000213516
 286.500000000	 0.000854062
 287.500000000	 0.000320273
 288.500000000	 0.000320273
 289.500000000	 0.000320273
 290.500000000	 0.000106758
 291.500000000	 0.000213516
 292.500000000	 0.000106758
 293.500000000	 0.000213516
 294.500000000	 0.000106758
 295.500000000	 0.000213516
 296.500000000	 0.000000000
 297.500000000	 0.000106758
 298.500000000	 0.000000000
 299.500000000	 0.000000000
 300.500000000	 0.000000000
 301.500000000	 0.000106758
 302.500000000	 0.000000000
 303.500000000	 0.000213516
 304.500000000	 0.000213516
 305.500000000	 0.000106758
 306.500000000	 0.000000000
 307.500000000	 0.000000000
 308.500000000	 0.000213516
 309.500000000	 0.000000000
 310.500000000	 0.000000000
 311.500000000	 0.000000000
 312.500000000	 0.000106758
 313.500000000	 0.000000000
 314.500000000	 0.000000000
 315.500000000	 0.000000000
 316.500000000	 0.000106758
 317.500000000	 0.000106758
 318.500000000	 0.000000000
 319.500000000	 0.000000000
 320.500000000	 0.000213516
 321.500000000	 0.000000000
 322.500000000	 0.000000000
 323.500000000	 0.000000000
 324.500000000	 0.000000000
 325.500000000	 0.000000000
 326.500000000	 0.000000000
 327.500000000	 0.000000000
 328.500000000	 0.000000000
 329.500000000	 0.000000000
