#Depth(nm)	StoppingProbability(1/nm)
 0.500000000	 0.000106758
 1.500000000	 0.000000000
 2.500000000	 0.000320273
 3.500000000	 0.000320273
 4.500000000	 0.000106758
 5.500000000	 0.000213516
 6.500000000	 0.000106758
 7.500000000	 0.000427031
 8.500000000	 0.000213516
 9.500000000	 0.000320273
 10.500000000	 0.000854062
 11.500000000	 0.000427031
 12.500000000	 0.000854062
 13.500000000	 0.000213516
 14.500000000	 0.000533789
 15.500000000	 0.001067578
 16.500000000	 0.000640547
 17.500000000	 0.000213516
 18.500000000	 0.000640547
 19.500000000	 0.000427031
 20.500000000	 0.000747304
 21.500000000	 0.000213516
 22.500000000	 0.000533789
 23.500000000	 0.000427031
 24.500000000	 0.000320273
 25.500000000	 0.000854062
 26.500000000	 0.000533789
 27.500000000	 0.000747304
 28.500000000	 0.000960820
 29.500000000	 0.000427031
 30.500000000	 0.000854062
 31.500000000	 0.000213516
 32.500000000	 0.000533789
 33.500000000	 0.000533789
 34.500000000	 0.000533789
 35.500000000	 0.001067578
 36.500000000	 0.001067578
 37.500000000	 0.000427031
 38.500000000	 0.000854062
 39.500000000	 0.001281093
 40.500000000	 0.000960820
 41.500000000	 0.000640547
 42.500000000	 0.000854062
 43.500000000	 0.000640547
 44.500000000	 0.000106758
 45.500000000	 0.000747304
 46.500000000	 0.000854062
 47.500000000	 0.000747304
 48.500000000	 0.001281093
 49.500000000	 0.001067578
 50.500000000	 0.000533789
 51.500000000	 0.001067578
 52.500000000	 0.001067578
 53.500000000	 0.000747304
 54.500000000	 0.000747304
 55.500000000	 0.001067578
 56.500000000	 0.000854062
 57.500000000	 0.001067578
 58.500000000	 0.000960820
 59.500000000	 0.001174335
 60.500000000	 0.001067578
 61.500000000	 0.001174335
 62.500000000	 0.001174335
 63.500000000	 0.000854062
 64.500000000	 0.001494609
 65.500000000	 0.001601366
 66.500000000	 0.000960820
 67.500000000	 0.000960820
 68.500000000	 0.001174335
 69.500000000	 0.002028398
 70.500000000	 0.001494609
 71.500000000	 0.000640547
 72.500000000	 0.000747304
 73.500000000	 0.002241913
 74.500000000	 0.002135155
 75.500000000	 0.002135155
 76.500000000	 0.001067578
 77.500000000	 0.001814882
 78.500000000	 0.001708124
 79.500000000	 0.001601366
 80.500000000	 0.001601366
 81.500000000	 0.001174335
 82.500000000	 0.001067578
 83.500000000	 0.002028398
 84.500000000	 0.001814882
 85.500000000	 0.002135155
 86.500000000	 0.001067578
 87.500000000	 0.002028398
 88.500000000	 0.001601366
 89.500000000	 0.001494609
 90.500000000	 0.001174335
 91.500000000	 0.002241913
 92.500000000	 0.002028398
 93.500000000	 0.002348671
 94.500000000	 0.001494609
 95.500000000	 0.001814882
 96.500000000	 0.002028398
 97.500000000	 0.001814882
 98.500000000	 0.002348671
 99.500000000	 0.002882460
 100.500000000	 0.002348671
 101.500000000	 0.001921640
 102.500000000	 0.001814882
 103.500000000	 0.002562186
 104.500000000	 0.002455429
 105.500000000	 0.002775702
 106.500000000	 0.002562186
 107.500000000	 0.002455429
 108.500000000	 0.003095975
 109.500000000	 0.002028398
 110.500000000	 0.002028398
 111.500000000	 0.002241913
 112.500000000	 0.003843280
 113.500000000	 0.003202733
 114.500000000	 0.003202733
 115.500000000	 0.002775702
 116.500000000	 0.002775702
 117.500000000	 0.002882460
 118.500000000	 0.003523006
 119.500000000	 0.002348671
 120.500000000	 0.003416249
 121.500000000	 0.003736522
 122.500000000	 0.003309491
 123.500000000	 0.002775702
 124.500000000	 0.004377068
 125.500000000	 0.002989217
 126.500000000	 0.002989217
 127.500000000	 0.003095975
 128.500000000	 0.002455429
 129.500000000	 0.003309491
 130.500000000	 0.003629764
 131.500000000	 0.003629764
 132.500000000	 0.004590584
 133.500000000	 0.005017615
 134.500000000	 0.004056795
 135.500000000	 0.003416249
 136.500000000	 0.003629764
 137.500000000	 0.003736522
 138.500000000	 0.005444646
 139.500000000	 0.004804099
 140.500000000	 0.004697342
 141.500000000	 0.004910857
 142.500000000	 0.005124373
 143.500000000	 0.005978435
 144.500000000	 0.003843280
 145.500000000	 0.004056795
 146.500000000	 0.004910857
 147.500000000	 0.003629764
 148.500000000	 0.004483826
 149.500000000	 0.004056795
 150.500000000	 0.004697342
 151.500000000	 0.006298708
 152.500000000	 0.005017615
 153.500000000	 0.004910857
 154.500000000	 0.005124373
 155.500000000	 0.004163553
 156.500000000	 0.004804099
 157.500000000	 0.006085193
 158.500000000	 0.005551404
 159.500000000	 0.004697342
 160.500000000	 0.005231131
 161.500000000	 0.004804099
 162.500000000	 0.005444646
 163.500000000	 0.006618982
 164.500000000	 0.007259528
 165.500000000	 0.006512224
 166.500000000	 0.006405466
 167.500000000	 0.005444646
 168.500000000	 0.005658162
 169.500000000	 0.005764919
 170.500000000	 0.005978435
 171.500000000	 0.006512224
 172.500000000	 0.005871677
 173.500000000	 0.007046013
 174.500000000	 0.006618982
 175.500000000	 0.007473044
 176.500000000	 0.004804099
 177.500000000	 0.006191950
 178.500000000	 0.007793317
 179.500000000	 0.006405466
 180.500000000	 0.007686559
 181.500000000	 0.006725739
 182.500000000	 0.006085193
 183.500000000	 0.006512224
 184.500000000	 0.006085193
 185.500000000	 0.006939255
 186.500000000	 0.005764919
 187.500000000	 0.007793317
 188.500000000	 0.006832497
 189.500000000	 0.006725739
 190.500000000	 0.006939255
 191.500000000	 0.006618982
 192.500000000	 0.007793317
 193.500000000	 0.007366286
 194.500000000	 0.005871677
 195.500000000	 0.008754137
 196.500000000	 0.008327106
 197.500000000	 0.006512224
 198.500000000	 0.006298708
 199.500000000	 0.005978435
 200.500000000	 0.006832497
 201.500000000	 0.006725739
 202.500000000	 0.007152770
 203.500000000	 0.008006832
 204.500000000	 0.006725739
 205.500000000	 0.006085193
 206.500000000	 0.006512224
 207.500000000	 0.009608199
 208.500000000	 0.007259528
 209.500000000	 0.006832497
 210.500000000	 0.006298708
 211.500000000	 0.007366286
 212.500000000	 0.007686559
 213.500000000	 0.007046013
 214.500000000	 0.005444646
 215.500000000	 0.007579801
 216.500000000	 0.005551404
 217.500000000	 0.005231131
 218.500000000	 0.006085193
 219.500000000	 0.006085193
 220.500000000	 0.006191950
 221.500000000	 0.007046013
 222.500000000	 0.006939255
 223.500000000	 0.006832497
 224.500000000	 0.009501441
 225.500000000	 0.005871677
 226.500000000	 0.006725739
 227.500000000	 0.006298708
 228.500000000	 0.006191950
 229.500000000	 0.006939255
 230.500000000	 0.005658162
 231.500000000	 0.005444646
 232.500000000	 0.006191950
 233.500000000	 0.006085193
 234.500000000	 0.006512224
 235.500000000	 0.006085193
 236.500000000	 0.005764919
 237.500000000	 0.006298708
 238.500000000	 0.005764919
 239.500000000	 0.006939255
 240.500000000	 0.006191950
 241.500000000	 0.004804099
 242.500000000	 0.004056795
 243.500000000	 0.004377068
 244.500000000	 0.004483826
 245.500000000	 0.005551404
 246.500000000	 0.006512224
 247.500000000	 0.006191950
 248.500000000	 0.004056795
 249.500000000	 0.005337888
 250.500000000	 0.005337888
 251.500000000	 0.004910857
 252.500000000	 0.005337888
 253.500000000	 0.004377068
 254.500000000	 0.004590584
 255.500000000	 0.003095975
 256.500000000	 0.004590584
 257.500000000	 0.003736522
 258.500000000	 0.003523006
 259.500000000	 0.004377068
 260.500000000	 0.003523006
 261.500000000	 0.003095975
 262.500000000	 0.003523006
 263.500000000	 0.003629764
 264.500000000	 0.002562186
 265.500000000	 0.002562186
 266.500000000	 0.003416249
 267.500000000	 0.003523006
 268.500000000	 0.003416249
 269.500000000	 0.001921640
 270.500000000	 0.003736522
 271.500000000	 0.002668944
 272.500000000	 0.003095975
 273.500000000	 0.003416249
 274.500000000	 0.002455429
 275.500000000	 0.003523006
 276.500000000	 0.002028398
 277.500000000	 0.003843280
 278.500000000	 0.002135155
 279.500000000	 0.002455429
 280.500000000	 0.002028398
 281.500000000	 0.002562186
 282.500000000	 0.000960820
 283.500000000	 0.002028398
 284.500000000	 0.001067578
 285.500000000	 0.001387851
 286.500000000	 0.000747304
 287.500000000	 0.001067578
 288.500000000	 0.000747304
 289.500000000	 0.001494609
 290.500000000	 0.001601366
 291.500000000	 0.002241913
 292.500000000	 0.001174335
 293.500000000	 0.000854062
 294.500000000	 0.001174335
 295.500000000	 0.001921640
 296.500000000	 0.000960820
 297.500000000	 0.001708124
 298.500000000	 0.001067578
 299.500000000	 0.000533789
 300.500000000	 0.001174335
 301.500000000	 0.000640547
 302.500000000	 0.000640547
 303.500000000	 0.000427031
 304.500000000	 0.000320273
 305.500000000	 0.000320273
 306.500000000	 0.001174335
 307.500000000	 0.000640547
 308.500000000	 0.000427031
 309.500000000	 0.000213516
 310.500000000	 0.000747304
 311.500000000	 0.000427031
 312.500000000	 0.000640547
 313.500000000	 0.000320273
 314.500000000	 0.000640547
 315.500000000	 0.000747304
 316.500000000	 0.000213516
 317.500000000	 0.000320273
 318.500000000	 0.000320273
 319.500000000	 0.000106758
 320.500000000	 0.000533789
 321.500000000	 0.000000000
 322.500000000	 0.000106758
 323.500000000	 0.000106758
 324.500000000	 0.000213516
 325.500000000	 0.000320273
 326.500000000	 0.000213516
 327.500000000	 0.000213516
 328.500000000	 0.000000000
 329.500000000	 0.000000000
 330.500000000	 0.000106758
 331.500000000	 0.000106758
 332.500000000	 0.000427031
 333.500000000	 0.000000000
 334.500000000	 0.000106758
 335.500000000	 0.000106758
 336.500000000	 0.000106758
 337.500000000	 0.000106758
 338.500000000	 0.000000000
 339.500000000	 0.000320273
 340.500000000	 0.000000000
 341.500000000	 0.000213516
 342.500000000	 0.000000000
 343.500000000	 0.000106758
 344.500000000	 0.000106758
 345.500000000	 0.000000000
 346.500000000	 0.000000000
 347.500000000	 0.000000000
 348.500000000	 0.000000000
 349.500000000	 0.000000000
 350.500000000	 0.000000000
 351.500000000	 0.000106758
 352.500000000	 0.000106758
 353.500000000	 0.000106758
 354.500000000	 0.000000000
 355.500000000	 0.000106758
