1    0
2    3
3    14
4    44
5    108
6    224
7    412
8    699
9    1115
10   1694
11   2480 
12   3525 
13   4893
14   6665
15   8938
16   11839
17   15548 
18   20127
19   25830
20   33103
21   42201
22   53540
23   66693
24   82426
25   99424
26   117067
27   132633
28   145536
29   155627
30   159809
31   158810 
32   154474
33   145942
34   135820
35   125911
36   114012
37   104749
38   95225 
39   86815 
40   79542
41   72387
42   66753
43   61222
44   56719
45   52731
46   48964
47   45122
48   42482
49   40169
50   37144
51   35484
52   32823
53   31170
54   29401
55   27648
56   26714
57   24872
58   23489
59   22220
60   21045
61   20177
62   18867
63   17826
64   17316 
65   16622
66   15783
67   15016
68   14431
69   13687
70   13119
71   12443
72   11865
73   11232
74   10759
75   10198
76   9731
77   9425
78   8796 
79   8339
80   8169
81   7663
82   7333
83   6913
84   6712
85   6363
86   6060
87   5740
88   5553
89   5221
90   4969
91   4807
92   4374
93   4246
94   4095
95   3811
96   3662
97   3459
98   3307
99   3137
100  2930
101  2738
102  2626
103  2545
104  2279
105  2131
106  2081
107  1928
108  1853
109  1745
110  1633
111  1474
112  1468
113  1337
114  1178
115  1215
116  1066
117  981
118  968
119  897
120  814
121  737
122  684
123  659
124  623
125  562
126  479
127  478
128  421
129  374
130  339
131  293
132  282
133  274
134  239
135  215
136  177
137  130
138  162
139  157
140  120
141  102
142  92
143  81
144  83
145  71
146  56
147  31
148  35
149  32
150  34
151  32
152  15
153  14
154  8
155  10
156  8
157  5
158  3
159  2
160  4
161  2
162  0
163  0
164  0
165  0
166  0
167  0
168  0
169  0
170  0
171  0
172  0
173  0
174  0
